74
30171.m000412|R._communis__Uncharacterized_conserved_protein_contains_TPR_repeats_                         0.0000000 0.7602346 0.8773345 0.7539835 0.7437521 0.6917958 0.9849587 0.8582915 0.7494485 1.2065837 1.3962368 1.3841022 1.3769130 1.3611827 0.5717254 0.6831528 0.4356883 1.3767257 1.3389604 2.1282364 1.2211999 1.0417775 1.5613027 1.0171847 0.9602679 0.8543768 0.7990296 1.1137923 1.0363444 0.8738819 0.8672197 0.8510199 0.9045981 1.0101803 1.3834522 0.6792674 1.4866948 1.0017420 0.8671578 0.7919567 1.4285740 1.0954918 1.4117439 1.3894557 1.0275111 1.1601428 0.7455317 0.7901746 1.3878782 0.6087344 0.7148968 0.6998576 0.7229767 0.7170735 0.6003253 0.8147190 1.0227523 0.8799774 0.6542922 1.1131348 0.7063535 0.8023106 0.7726034 0.8976288 1.0554713 0.8458919 0.9546904 1.3560343 1.2354707 0.3604255 0.7561472 0.7346593 0.7346593 0.9141250 
Cucsa.073040.1|C._sativus__TPR_repeat_11_                                                                  0.7602346 0.0000000 0.8893242 0.8607345 0.8747561 0.7631869 0.9560139 0.8833681 0.7289912 1.1152960 1.3052652 1.2945981 1.2877143 1.1849637 0.5183746 0.5997995 0.7654262 1.2630872 1.2449582 1.9493613 1.1748655 0.9403112 1.4188828 0.8751275 0.9617111 0.8717995 0.7617166 0.9964328 0.9708327 0.9017580 0.8599017 0.8553942 0.9775892 0.9574235 1.2985456 0.6977424 1.4069236 0.9264841 0.8833956 0.7367055 1.3253972 1.0159386 1.2991617 1.2999081 0.9442034 1.1223936 0.6867708 0.7209602 1.2812209 0.7891549 0.7942869 0.7882923 0.6880384 0.6926051 0.7826465 0.7823542 0.9859809 0.9483228 0.6609054 1.1257283 0.6706913 0.7508911 0.6996641 0.8922297 1.0694685 0.7864234 0.8804546 1.2468484 1.1872889 0.7059854 0.7151144 0.6012078 0.6012078 0.8675887 
Thhalv10012633m|E._salsugineum__TPR_repeat_8_|TPR_repeat_11_                                               0.8773345 0.8893242 0.0000000 0.8596086 0.8810624 0.7507355 1.1430568 0.1076621 0.8752531 1.2654416 1.3554104 1.3820539 1.3695465 1.3300282 0.7178343 0.7281196 0.7488017 1.3099775 1.3605106 2.0591002 1.3286843 1.1714144 1.4750663 1.0710691 0.1488462 0.0894141 0.9055876 0.9819611 1.1680141 0.1330749 0.1138942 0.1149284 0.2235753 1.1245241 1.2968525 0.8107115 1.4721306 1.0407483 0.1153590 0.8980124 1.3420487 1.0799983 1.3147793 1.2837697 1.1451146 1.2343955 0.8596913 0.8736738 1.2757477 0.8460403 0.7447076 0.7252264 0.8321978 0.8244666 0.8493831 0.9300196 1.1935830 1.0813120 0.6851726 1.3280279 0.8237493 0.8995537 0.8533288 0.0923620 1.2159819 0.9180030 1.1264674 1.2741149 1.3200316 0.7654793 0.8123425 0.8097848 0.8097848 0.9905342 
Lus10030019|L._usitatissimum__TPR_repeat_11_                                                               0.7539835 0.8607345 0.8596086 0.0000000 0.0921463 0.8678956 1.1422865 0.8410848 0.9427816 1.3420072 1.4498735 1.4365217 1.4390032 1.3871276 0.7240203 0.7583921 0.7200349 1.4309823 1.4437795 2.1969159 1.3216549 1.1456974 1.6580630 1.1728473 0.9863306 0.8312301 1.0008541 1.1585928 1.2627184 0.8655209 0.8397895 0.8687399 0.9485999 1.0845507 1.4407892 0.8912728 1.6015474 1.1217587 0.8388606 0.9549497 1.4905758 1.2104580 1.4642439 1.4263672 1.0560468 1.2566357 0.9023295 0.9605095 1.4609212 0.7376615 0.8532987 0.8537034 0.8830692 0.8750675 0.7256152 1.0022805 1.2135020 1.0420975 0.7809607 1.2889588 0.8728011 0.9538136 0.9347551 0.8591576 1.1012769 1.0055056 1.1436911 1.4174509 1.2759259 0.6863625 0.8891814 0.8644742 0.8644742 1.0566628 
Lus10035305|L._usitatissimum__TPR_repeat_11_                                                               0.7437521 0.8747561 0.8810624 0.0921463 0.0000000 0.8331727 1.1264136 0.8536974 0.9212723 1.3092849 1.4308757 1.4128379 1.4069075 1.3623633 0.7144794 0.7424862 0.7033717 1.4273678 1.4208181 2.1265058 1.2813084 1.1404601 1.6631946 1.1514006 0.9916902 0.8596163 0.9726200 1.1165325 1.2472789 0.8741033 0.8599298 0.8956012 0.9722473 1.0681098 1.4075774 0.8731515 1.5477959 1.1067393 0.8592964 0.9308253 1.4616390 1.1792671 1.4432250 1.4156638 1.0161599 1.2769910 0.8943550 0.9415618 1.4503394 0.7563650 0.8388226 0.8381489 0.8722994 0.8648846 0.7427965 0.9807720 1.1943289 1.0122376 0.7605686 1.2929902 0.8540381 0.9282770 0.8881887 0.8848903 1.0778638 0.9852100 1.0963606 1.4210032 1.2651118 0.6833376 0.8539475 0.8308151 0.8308151 1.0264836 
Thecc1EG033455t1|T._cacao__Uncharacterized_conserved_protein_contains_TPR_repeats_                         0.6917958 0.7631869 0.7507355 0.8678956 0.8331727 0.0000000 1.0391239 0.7462186 0.7477323 1.1230757 1.2386194 1.2504184 1.2460722 1.2394749 0.6149536 0.5512155 0.6121426 1.2479315 1.2454644 2.1020989 1.1842818 1.0673287 1.4359009 0.8992610 0.8178154 0.7572300 0.7904699 0.9632522 0.9390696 0.7301240 0.7355367 0.7507600 0.8436404 0.9666229 1.2682216 0.6536754 1.4067284 1.0284860 0.7524745 0.7950098 1.2953362 1.0670064 1.2954867 1.2647909 0.9859266 1.1203614 0.7389112 0.7482634 1.2748897 0.6867217 0.2431288 0.2334098 0.7481954 0.7431980 0.6953858 0.8040827 0.9997333 0.8504853 0.5670254 1.1922773 0.7165833 0.7515886 0.6211418 0.7306082 1.0015848 0.7686955 0.9185545 1.2614244 1.1456996 0.6390264 0.6308829 0.5854139 0.5854139 0.8992022 
Migut.N00455.1|M._guttatus__TPR_repeat_11_                                                                 0.9849587 0.9560139 1.1430568 1.1422865 1.1264136 1.0391239 0.0000000 1.1280401 0.9890797 1.2939669 1.4418483 1.4473317 1.4109207 1.4230038 0.7358140 0.8944016 1.0203469 1.3513683 1.4041933 2.1468064 1.3058043 1.1869702 1.4794781 1.0983300 1.2187129 1.1442989 1.0616405 1.1315033 1.0227995 1.1113943 1.1003223 1.1512988 1.2345114 0.5022533 1.3661611 0.8422965 1.4954042 0.9558322 1.1554281 0.9915313 1.3950960 1.0416790 1.3861448 1.3474482 1.1288804 1.2781863 0.9830077 0.9980422 1.3753552 1.0032911 1.0219149 1.0016863 0.9188758 0.9168880 1.0209104 1.0146763 1.3197237 0.9935992 0.9623288 1.3295456 0.9763126 1.0177762 1.0156671 1.1560032 1.1093197 1.0141102 1.1812357 1.3446461 1.3466320 0.9372937 0.9623360 0.9494615 0.9494615 0.6434400 
Bostr.2618s0063.1|B._stricta__TPR_repeat_8_|TPR_repeat_11_                                                 0.8582915 0.8833681 0.1076621 0.8410848 0.8536974 0.7462186 1.1280401 0.0000000 0.8785836 1.2471539 1.3421867 1.3596696 1.3514660 1.2636626 0.7189511 0.7153506 0.7082323 1.3306632 1.3635230 2.0127275 1.3353160 1.1868468 1.4682307 1.0336513 0.1293937 0.0736716 0.9024016 0.9929646 1.1643201 0.1569072 0.1346418 0.0841703 0.1861005 1.1316801 1.2956762 0.7890974 1.4793239 0.9914467 0.0767642 0.8826486 1.3652007 1.0525604 1.3305139 1.2988821 1.1129112 1.2227395 0.8820583 0.8668065 1.3031444 0.8578089 0.7354676 0.7130806 0.8473569 0.8407268 0.8690459 0.9245217 1.1535493 1.0585899 0.6757976 1.3032764 0.8348889 0.8843716 0.8246931 0.1248505 1.1520319 0.9025171 1.0687245 1.2971505 1.3171238 0.7262114 0.7990603 0.7994626 0.7994626 1.0241060 
Medtr3g098060.1|M._truncatula__TPR_repeat_11_                                                              0.7494485 0.7289912 0.8752531 0.9427816 0.9212723 0.7477323 0.9890797 0.8785836 0.0000000 1.1613466 1.3256905 1.3453534 1.3180466 1.2850195 0.5175350 0.6038601 0.7127654 1.3091179 1.2765115 1.9619708 1.1764170 0.9935808 1.4481412 0.9141863 1.0020589 0.8704736 0.1401057 1.0555607 0.9384395 0.8603533 0.8690075 0.8646759 0.9613111 0.9786159 1.3047290 0.6999621 1.4066254 0.9079956 0.8879001 0.1586828 1.3304267 0.9295017 1.3233046 1.3014292 0.9794447 1.1608099 0.6465692 0.2845301 1.3275996 0.7414230 0.7472453 0.7359189 0.3163695 0.3256766 0.7411331 0.3190983 0.5634173 0.8402291 0.6985839 1.1101606 0.3377471 0.2499808 0.6518313 0.9177866 0.9570296 0.3210215 0.4730152 1.3051588 1.1727137 0.6906995 0.6652778 0.6215163 0.6215163 0.8927130 
evm_27.model.AmTr_scaffold00041.101|A._trichopoda__TPR_repeat_11_                                          1.2065837 1.1152960 1.2654416 1.3420072 1.3092849 1.1230757 1.2939669 1.2471539 1.1613466 0.0000000 1.4064237 1.3978359 1.3974746 1.3187836 0.8835394 1.0331871 1.2301133 1.3107004 1.3645103 1.9532974 1.1518687 1.1189357 1.4713046 1.2376477 1.4090343 1.2235130 1.1654571 1.0440025 1.3138827 1.2528141 1.2428831 1.2209039 1.3420226 1.3121770 1.3509979 1.0502267 1.5133521 1.2304022 1.2719089 1.1674666 1.4016718 1.3179059 1.3753256 1.3454963 1.0895148 1.1153928 1.0957791 1.1614066 1.3598705 1.1943003 1.1437468 1.1381284 1.1646955 1.1419579 1.1938255 1.2490775 1.3489890 1.2422445 1.0674364 0.9113233 1.1838817 1.2076159 1.1547373 1.2489022 1.2954525 1.2143491 1.3253632 1.3603898 1.2139921 1.1498271 1.0857270 1.0942172 1.0942172 1.2408517 
Traes_4AS_E52C5D2A7.3|T._aestivum__Uncharacterized_conserved_protein_contains_TPR_repeats_                 1.3962368 1.3052652 1.3554104 1.4498735 1.4308757 1.2386194 1.4418483 1.3421867 1.3256905 1.4064237 0.0000000 0.0415391 0.0375203 0.2921035 0.9837280 1.1533249 1.3190370 0.2970294 0.2092247 2.1316724 0.9763269 1.4504518 0.3771315 1.4507519 1.5532308 1.3536772 1.3629398 0.2542808 1.4299098 1.3520681 1.3680044 1.3363703 1.4835472 1.4952024 0.3247051 1.3159070 0.1205856 1.3992277 1.3446021 1.3545663 0.3137635 1.4961024 0.3210229 0.3008064 1.0912372 1.1187517 1.2643805 1.3217552 0.3080271 1.3236307 1.2712794 1.2550719 1.3381923 1.3194506 1.3120899 1.4228821 1.6951554 1.4522057 1.3570473 1.3804670 1.2652718 1.3508659 1.3986933 1.3524586 1.6091997 1.4472876 1.5493410 0.3068938 1.3720640 1.2867999 1.1556880 1.3057790 1.3057790 1.4408098 
Traes_4BL_FE7B24AD71.4|T._aestivum__Uncharacterized_conserved_protein_contains_TPR_repeats_                1.3841022 1.2945981 1.3820539 1.4365217 1.4128379 1.2504184 1.4473317 1.3596696 1.3453534 1.3978359 0.0415391 0.0000000 0.0422735 0.2858577 0.9732903 1.1449550 1.3267502 0.2977913 0.2149644 2.1116002 0.9801984 1.4424120 0.3672595 1.4431713 1.5809927 1.3744864 1.3802178 0.2433265 1.4290600 1.3782326 1.3883867 1.3544870 1.4982308 1.5025425 0.3232423 1.3216444 0.1260299 1.3815846 1.3572711 1.3728879 0.3097454 1.4502808 0.3204825 0.3036145 1.0873029 1.1248471 1.2640441 1.3267940 0.3067215 1.3300882 1.2730874 1.2569021 1.3464073 1.3276490 1.3234452 1.4415336 1.6930681 1.4493342 1.3624086 1.3695418 1.2665544 1.3687781 1.4144887 1.3805328 1.5829194 1.4639761 1.5709530 0.3012590 1.3757733 1.2795248 1.1487818 1.3210028 1.3210028 1.4253025 
Traes_4DL_0908335AA.1|T._aestivum__Uncharacterized_conserved_protein_contains_TPR_repeats_                 1.3769130 1.2877143 1.3695465 1.4390032 1.4069075 1.2460722 1.4109207 1.3514660 1.3180466 1.3974746 0.0375203 0.0422735 0.0000000 0.2683304 0.9796632 1.1364022 1.3174487 0.2867519 0.2041934 2.1313996 0.9563157 1.4273261 0.3589845 1.4217997 1.5795026 1.3696933 1.3497521 0.2433468 1.4118037 1.3746324 1.3780793 1.3483450 1.4834430 1.4902063 0.3072700 1.3073442 0.1125016 1.3772018 1.3557877 1.3370728 0.3038851 1.4718197 0.3094948 0.2851774 1.0450973 1.1092359 1.2582450 1.3051690 0.2959664 1.3230134 1.2706765 1.2525700 1.3271070 1.3084748 1.3168339 1.4126012 1.6665839 1.4541515 1.3571914 1.3589352 1.2396971 1.3376866 1.3979142 1.3798749 1.5964380 1.4323447 1.5299575 0.2990913 1.3603198 1.2707708 1.1415631 1.3126486 1.3126486 1.4181322 
Traes_7BL_4AFB62A41.2|T._aestivum__Uncharacterized_conserved_protein_contains_TPR_repeats_                 1.3611827 1.1849637 1.3300282 1.3871276 1.3623633 1.2394749 1.4230038 1.2636626 1.2850195 1.3187836 0.2921035 0.2858577 0.2683304 0.0000000 1.0919977 1.1220057 1.1075120 0.3552702 0.2845909 2.0673491 0.9861652 1.3213063 0.4309345 1.4708645 1.4117438 1.2771597 1.2912053 0.3540445 1.3242672 1.3218978 1.2895048 1.2644143 1.4477215 1.4754962 0.3806616 1.2537727 0.3296946 1.3248377 1.2755030 1.2725203 0.3676236 1.4169320 0.3806672 0.3666795 1.0882940 1.1786961 1.1893502 1.2748090 0.3460569 1.3366670 1.2250365 1.2076641 1.2285500 1.2169186 1.3340596 1.3438640 1.6451305 1.4409327 1.2650260 1.3117122 1.2318272 1.2985766 1.3511188 1.3243125 1.5849562 1.3722121 1.5056047 0.3592512 1.3987346 1.2151684 1.1755703 1.3073732 1.3073732 1.3591802 
Eucgr.H05055.1|E._grandis__Uncharacterized_conserved_protein_contains_TPR_repeats_                         0.5717254 0.5183746 0.7178343 0.7240203 0.7144794 0.6149536 0.7358140 0.7189511 0.5175350 0.8835394 0.9837280 0.9732903 0.9796632 1.0919977 0.0000000 0.4476575 0.5308638 0.9727951 1.0350221 1.7538405 0.9241695 0.7285777 1.1154587 0.7561232 0.8353265 0.7113710 0.5686201 0.9728700 0.6798345 0.7603682 0.7546393 0.7159618 0.8329766 0.7665493 1.0160980 0.4639376 1.0448947 0.7075766 0.7351653 0.5475310 1.0361291 0.7722163 1.0213034 0.9995735 0.8404140 0.8508829 0.0644920 0.5665329 0.9964748 0.6264964 0.6047627 0.6066727 0.4804945 0.4767081 0.6162309 0.6031483 0.7515089 0.6270896 0.5228121 0.8927075 0.5151782 0.5369404 0.5251928 0.7510399 0.7587339 0.5719513 0.7094805 0.9649478 0.9070710 0.5484378 0.5137257 0.4714157 0.4714157 0.6764251 
Prupe.2G030300.1|P._persica__TPR_repeat_11_                                                                0.6831528 0.5997995 0.7281196 0.7583921 0.7424862 0.5512155 0.8944016 0.7153506 0.6038601 1.0331871 1.1533249 1.1449550 1.1364022 1.1220057 0.4476575 0.0000000 0.5999506 1.1057631 1.1789059 1.9143456 1.0231513 0.9035657 1.3043433 0.7954617 0.8359486 0.7273933 0.6167222 0.8674616 0.8584558 0.7350692 0.7105323 0.7347214 0.8135273 0.8461118 1.1144045 0.5097402 1.2095944 0.8675164 0.7347064 0.6281085 1.1720491 0.9483898 1.1373419 1.1086765 0.8541508 1.0341576 0.5744480 0.5686116 1.1575810 0.6280464 0.6054408 0.5972709 0.5302255 0.5266905 0.6318716 0.6057184 0.8434051 0.7820802 0.5448746 1.0412005 0.5330340 0.5896829 0.5045797 0.7561817 0.9082062 0.6027951 0.7525801 1.1284344 0.9808596 0.5589512 0.2923598 0.4569822 0.4569822 0.7935674 
Manes.10G067100.1|M._esculenta__Uncharacterized_conserved_protein_contains_TPR_repeats_                    0.4356883 0.7654262 0.7488017 0.7200349 0.7033717 0.6121426 1.0203469 0.7082323 0.7127654 1.2301133 1.3190370 1.3267502 1.3174487 1.1075120 0.5308638 0.5999506 0.0000000 1.2988705 1.3384544 2.1264973 1.2429560 1.0802880 1.5635861 0.9419981 0.7661513 0.7119541 0.7442163 0.9142446 0.9709902 0.7557090 0.7713925 0.7371526 0.7830800 0.9893896 1.3493743 0.6638031 1.3412298 1.0681792 0.6960163 0.7279328 1.3476413 1.0396310 1.3586979 1.3488312 0.8843328 1.1539226 0.7239288 0.7103021 1.3521971 0.5287458 0.6869429 0.6758763 0.6625327 0.6567868 0.5163096 0.7924105 1.0616566 0.9147715 0.6009032 1.2196258 0.6530073 0.7715147 0.6658167 0.7831665 1.0452929 0.7899556 0.8730547 1.2877751 1.1680277 0.0015078 0.6423324 0.6265061 0.6265061 0.9560332 
Seita.2G124700.1|S._italica__Uncharacterized_conserved_protein_contains_TPR_repeats_                       1.3767257 1.2630872 1.3099775 1.4309823 1.4273678 1.2479315 1.3513683 1.3306632 1.3091179 1.3107004 0.2970294 0.2977913 0.2867519 0.3552702 0.9727951 1.1057631 1.2988705 0.0000000 0.2612362 2.2241936 0.9338175 1.3829153 0.3346456 1.4074070 1.5319412 1.3450005 1.3119948 0.1531693 1.4402966 1.3096555 1.3082149 1.2996923 1.4524366 1.4512051 0.1335346 1.2626446 0.3393124 1.3696261 1.3175700 1.3523542 0.1410800 1.4074763 0.1266096 0.1134236 1.0031819 1.0774825 1.1957011 1.3067542 0.0960195 1.2778069 1.2459338 1.2142103 1.2824234 1.2625955 1.2812288 1.3912112 1.6558047 1.4026284 1.3020064 1.3294548 1.2417852 1.2910026 1.3860081 1.3200500 1.5257341 1.3996489 1.5567262 0.0970791 1.2981939 1.2275182 1.1380643 1.2844241 1.2844241 1.3805053 
Bradi1g28660.1|B._distachyon__Uncharacterized_conserved_protein_contains_TPR_repeats_                      1.3389604 1.2449582 1.3605106 1.4437795 1.4208181 1.2454644 1.4041933 1.3635230 1.2765115 1.3645103 0.2092247 0.2149644 0.2041934 0.2845909 1.0350221 1.1789059 1.3384544 0.2612362 0.0000000 2.1921171 0.9866832 1.3805698 0.3292700 1.4687619 1.5815556 1.3866808 1.3276214 0.2487732 1.4024796 1.3462024 1.3597752 1.3532156 1.4934591 1.4321854 0.2965838 1.2960036 0.2694211 1.4151538 1.3482454 1.3254316 0.2952198 1.5698250 0.2964962 0.2826686 1.0604725 1.0959703 1.2575902 1.3002274 0.2804915 1.3135772 1.2577895 1.2344460 1.3258424 1.3077269 1.3030241 1.4008366 1.5972118 1.4126084 1.3669137 1.3595853 1.2576329 1.3018021 1.4053697 1.3569226 1.5951110 1.4114450 1.5012883 0.2809897 1.3824452 1.2936110 1.1503640 1.3231512 1.3231512 1.3727058 
Pp3c1_12830V3.1|P._patens__Uncharacterized_conserved_protein_contains_TPR_repeats_                         2.1282364 1.9493613 2.0591002 2.1969159 2.1265058 2.1020989 2.1468064 2.0127275 1.9619708 1.9532974 2.1316724 2.1116002 2.1313996 2.0673491 1.7538405 1.9143456 2.1264973 2.2241936 2.1921171 0.0000000 2.2482153 2.2377023 2.3406538 2.1254437 2.2068852 1.9902166 2.0453071 1.7018583 2.2735968 2.0760936 1.9896435 2.0434588 2.1841789 2.2917476 2.1305293 2.1295389 2.2417861 1.7833491 2.0156243 2.0428148 2.2251819 1.9068076 2.1444029 2.1271479 2.0571281 2.1871830 2.0556716 1.9182410 2.2084276 2.1869361 2.0958988 2.0553945 1.9396317 1.9267195 2.1601709 1.9747726 2.3275746 2.0537927 2.0675227 1.8117101 1.9753439 1.9651194 2.1374397 2.0696791 2.2140203 1.9861539 2.2768486 2.1701911 2.1665334 2.1113027 1.9655749 2.0393354 2.0393354 2.1276830 
Aco024438.1|A._comosus_v3__Uncharacterized_conserved_protein_contains_TPR_repeats_                         1.2211999 1.1748655 1.3286843 1.3216549 1.2813084 1.1842818 1.3058043 1.3353160 1.1764170 1.1518687 0.9763269 0.9801984 0.9563157 0.9861652 0.9241695 1.0231513 1.2429560 0.9338175 0.9866832 2.2482153 0.0000000 1.1519590 1.0667486 1.3459601 1.5012580 1.3413569 1.1589397 0.7845273 1.3909996 1.3153569 1.2713919 1.3151581 1.4921997 1.3644887 0.9166215 1.1011097 1.0685563 1.3042539 1.3439322 1.1646568 0.9279182 1.4018560 0.9321587 0.9093646 0.8748251 0.8893452 1.1195256 1.1531022 0.9209935 1.2350657 1.1741106 1.1632745 1.1391686 1.1095613 1.2178841 1.2215350 1.5068455 1.2521022 1.1484939 1.2269906 1.1452870 1.2113493 1.2349308 1.3303913 1.3375934 1.2179650 1.3872359 0.9331940 1.0585999 1.2167866 1.0808220 1.1483857 1.1483857 1.2583082 
Aqcoe7G009700.1|A._coerulea__Uncharacterized_conserved_protein_contains_TPR_repeats_                       1.0417775 0.9403112 1.1714144 1.1456974 1.1404601 1.0673287 1.1869702 1.1868468 0.9935808 1.1189357 1.4504518 1.4424120 1.4273261 1.3213063 0.7285777 0.9035657 1.0802880 1.3829153 1.3805698 2.2377023 1.1519590 0.0000000 1.5015447 1.0525283 1.3414002 1.1650922 1.0274289 1.1263057 1.1762626 1.1559950 1.1500212 1.1734406 1.2925824 1.2279984 1.3590303 0.9132004 1.5576773 1.0801145 1.1712718 1.0186902 1.3757364 1.0690840 1.3864408 1.3346619 0.9738507 1.1169713 0.9860407 0.9990827 1.3901003 1.0783988 1.0968393 1.0845268 1.0003501 0.9857685 1.0923664 1.0701847 1.3137348 1.0164304 0.9968131 1.1132767 0.9722728 1.0371833 0.9782905 1.1578256 1.0975992 1.0673292 1.2660218 1.3859484 1.1913760 0.9797981 0.9795975 0.9132737 0.9132737 1.1387153 
LOC_Os07g27180.1|O._sativa__Uncharacterized_conserved_protein_contains_TPR_repeats_                        1.5613027 1.4188828 1.4750663 1.6580630 1.6631946 1.4359009 1.4794781 1.4682307 1.4481412 1.4713046 0.3771315 0.3672595 0.3589845 0.4309345 1.1154587 1.3043433 1.5635861 0.3346456 0.3292700 2.3406538 1.0667486 1.5015447 0.0000000 1.6269307 1.7486523 1.4961174 1.4979265 0.3124802 1.5558150 1.5045616 1.4661865 1.4587364 1.6568338 1.6392593 0.3598419 1.4336402 0.4201560 1.4939776 1.4780489 1.5433156 0.3434365 1.6131706 0.3485999 0.3411301 1.1979821 1.1825864 1.3605826 1.5057247 0.3357511 1.4692916 1.4147169 1.4089832 1.4778108 1.4596715 1.4478962 1.5892686 1.8512915 1.5341852 1.4926770 1.4793204 1.4205996 1.5199599 1.5811084 1.4975381 1.6812622 1.6158721 1.7288892 0.3380461 1.4746072 1.4608033 1.3094650 1.4625140 1.4625140 1.5483712 
Kaladp0047s0180.1|K._fedtschenkoi__TPR_repeat_11_                                                          1.0171847 0.8751275 1.0710691 1.1728473 1.1514006 0.8992610 1.0983300 1.0336513 0.9141863 1.2376477 1.4507519 1.4431713 1.4217997 1.4708645 0.7561232 0.7954617 0.9419981 1.4074070 1.4687619 2.1254437 1.3459601 1.0525283 1.6269307 0.0000000 1.1142670 1.0033356 0.9656790 1.2029288 0.9810413 1.0464523 1.0588420 1.0009688 1.1394432 1.0980484 1.4274459 0.8721701 1.5273585 0.9702178 1.0146280 0.9332177 1.4283079 1.0425497 1.4351727 1.4297339 1.0978611 1.2319532 0.9725023 0.8752135 1.4320182 1.0079702 0.9723222 0.9611576 0.8937098 0.8760516 0.9982230 0.9512765 1.1995556 1.0259623 0.9642342 1.2089106 0.9320803 0.9626641 0.9240580 1.0410035 1.0988479 0.9020003 1.0910914 1.4149287 1.3605127 0.9255416 0.8834113 0.8805078 0.8805078 1.0253327 
AL6G28350.t1|A._lyrata__TPR_repeat_8_|TPR_repeat_11_                                                       0.9602679 0.9617111 0.1488462 0.9863306 0.9916902 0.8178154 1.2187129 0.1293937 1.0020589 1.4090343 1.5532308 1.5809927 1.5795026 1.4117438 0.8353265 0.8359486 0.7661513 1.5319412 1.5815556 2.2068852 1.5012580 1.3414002 1.7486523 1.1142670 0.0000000 0.1149805 1.0220567 1.2012844 1.1777968 0.2218337 0.2061371 0.1316469 0.1323908 1.2490489 1.5084339 0.9312088 1.5971463 1.1117239 0.1535956 0.9793252 1.5384486 1.1841861 1.5239575 1.5013392 1.3148780 1.3790762 0.9787517 0.9752791 1.5077242 0.9600727 0.8348464 0.8093364 0.9270100 0.9139308 1.0177888 1.0333668 1.2205970 1.2005006 0.7965151 1.3635641 0.9592867 1.0057303 0.8837164 0.1910956 1.3397705 1.0517045 1.2398892 1.4936216 1.4195322 0.8544857 0.9056016 0.9009353 0.9009353 1.1672197 
AL6G28330.t1|A._lyrata__TPR_repeat_11_                                                                     0.8543768 0.8717995 0.0894141 0.8312301 0.8596163 0.7572300 1.1442989 0.0736716 0.8704736 1.2235130 1.3536772 1.3744864 1.3696933 1.2771597 0.7113710 0.7273933 0.7119541 1.3450005 1.3866808 1.9902166 1.3413569 1.1650922 1.4961174 1.0033356 0.1149805 0.0000000 0.8931315 0.9808771 1.1758260 0.1488120 0.1273346 0.0684961 0.1795022 1.1182967 1.3244518 0.7769020 1.4838224 1.0018218 0.0854446 0.8792889 1.3784455 1.0426809 1.3510405 1.3166523 1.1051574 1.2386777 0.8753113 0.8591463 1.3167133 0.8515701 0.7323851 0.7058398 0.8224219 0.8077001 0.8641194 0.9124521 1.1758084 1.0198844 0.6573291 1.3018271 0.8226245 0.8834299 0.8425066 0.1190927 1.1518246 0.8995725 1.0759905 1.3130159 1.2970732 0.7323540 0.7989004 0.7840617 0.7840617 1.0125000 
Tp57577_TGAC_v2_mRNA8069|T._pratense_v2__TPR_repeat_11_                                                    0.7990296 0.7617166 0.9055876 1.0008541 0.9726200 0.7904699 1.0616405 0.9024016 0.1401057 1.1654571 1.3629398 1.3802178 1.3497521 1.2912053 0.5686201 0.6167222 0.7442163 1.3119948 1.3276214 2.0453071 1.1589397 1.0274289 1.4979265 0.9656790 1.0220567 0.8931315 0.0000000 1.1009012 0.9049642 0.9033464 0.8999560 0.8859149 0.9867420 1.0136626 1.3138289 0.6956672 1.4477440 0.9921284 0.9017502 0.1324407 1.3538014 1.0121547 1.3365929 1.3222397 0.9956790 1.1482059 0.7103671 0.2958789 1.3202552 0.7849601 0.8065330 0.7915251 0.3359791 0.3390764 0.7868192 0.3477517 0.5720861 0.8669245 0.7340874 1.0860742 0.3385147 0.2773800 0.7030602 0.9424509 1.0034663 0.3505655 0.4951101 1.3080579 1.1572166 0.7290614 0.6727511 0.6565998 0.6565998 0.9540983 
Oropetium_20150105_13218A|O._thomaeum__Uncharacterized_conserved_protein_contains_TPR_repeats_             1.1137923 0.9964328 0.9819611 1.1585928 1.1165325 0.9632522 1.1315033 0.9929646 1.0555607 1.0440025 0.2542808 0.2433265 0.2433468 0.3540445 0.9728700 0.8674616 0.9142446 0.1531693 0.2487732 1.7018583 0.7845273 1.1263057 0.3124802 1.2029288 1.2012844 0.9808771 1.1009012 0.0000000 1.1343104 0.9776790 0.9665513 0.9816127 1.1293738 1.1795752 0.1967953 0.9513720 0.2436051 1.0760171 1.0097449 1.0901435 0.1862608 1.1203892 0.1962100 0.1843091 0.8405892 0.9511283 1.0009900 1.0860543 0.1716450 1.0689898 0.9630576 0.9594622 1.0085227 0.9907611 1.0759358 1.1433841 1.3679188 1.1182052 1.0049362 1.0434179 1.0157339 1.0994919 1.0436181 0.9955900 1.2506194 1.1614410 1.2807398 0.1754057 1.1104971 0.9880896 0.9295503 1.0955556 1.0955556 1.1253849 
DCAR_009033|D._carota__Uncharacterized_conserved_protein_contains_TPR_repeats_                             1.0363444 0.9708327 1.1680141 1.2627184 1.2472789 0.9390696 1.0227995 1.1643201 0.9384395 1.3138827 1.4299098 1.4290600 1.4118037 1.3242672 0.6798345 0.8584558 0.9709902 1.4402966 1.4024796 2.2735968 1.3909996 1.1762626 1.5558150 0.9810413 1.1777968 1.1758260 0.9049642 1.1343104 0.0000000 1.1850649 1.1325136 1.1626844 1.2059440 0.9777430 1.4877614 0.8317912 1.4509517 1.0397224 1.1849659 0.9236456 1.5220835 1.0217342 1.5073606 1.4791375 1.0820943 1.2949067 0.9668448 0.9403936 1.5137923 1.0172729 1.0816512 1.0704345 0.8552144 0.8419354 1.0251174 1.0347256 1.4061059 1.0699795 1.0377980 1.2637099 0.9609906 0.9702914 0.8650530 1.1677393 1.2592239 1.0588166 1.0777883 1.4570789 1.3011292 1.0246483 0.9192000 0.8069614 0.8069614 0.9454878 
Bol034441|B._oleraceacapitata__TPR_repeat_11_                                                              0.8738819 0.9017580 0.1330749 0.8655209 0.8741033 0.7301240 1.1113943 0.1569072 0.8603533 1.2528141 1.3520681 1.3782326 1.3746324 1.3218978 0.7603682 0.7350692 0.7557090 1.3096555 1.3462024 2.0760936 1.3153569 1.1559950 1.5045616 1.0464523 0.2218337 0.1488120 0.9033464 0.9776790 1.1850649 0.0000000 0.1339922 0.1528005 0.2669361 1.1125585 1.2679699 0.8281330 1.4584513 1.0322978 0.1610128 0.8827124 1.3288669 1.0900866 1.2894520 1.2593148 1.1192805 1.2529858 0.8893307 0.8588435 1.2605237 0.8537348 0.7284544 0.7102034 0.8313651 0.8300671 0.8437878 0.9007896 1.1383158 1.0060921 0.6914650 1.2437098 0.8409902 0.8853990 0.8443143 0.1121001 1.1545002 0.8879112 1.0352733 1.2613912 1.3461890 0.7500354 0.8345942 0.7986556 0.7986556 1.0096048 
Bol019814|B._oleraceacapitata__TPR_repeat_8_|TPR_repeat_11_                                                0.8672197 0.8599017 0.1138942 0.8397895 0.8599298 0.7355367 1.1003223 0.1346418 0.8690075 1.2428831 1.3680044 1.3883867 1.3780793 1.2895048 0.7546393 0.7105323 0.7713925 1.3082149 1.3597752 1.9896435 1.2713919 1.1500212 1.4661865 1.0588420 0.2061371 0.1273346 0.8999560 0.9665513 1.1325136 0.1339922 0.0000000 0.1407766 0.2526166 1.1155311 1.2957693 0.7874775 1.4807968 1.0202385 0.1409500 0.8812900 1.3463909 1.0568661 1.3137741 1.2851201 1.1304591 1.2382375 0.8884733 0.8689087 1.2787310 0.8328119 0.7267323 0.7057003 0.8346548 0.8293541 0.8482813 0.9350772 1.1883225 1.0351140 0.6750601 1.2762309 0.8169107 0.8918151 0.8543429 0.1007661 1.1608403 0.9241028 1.0942974 1.2714900 1.3062731 0.7652710 0.7883646 0.7922307 0.7922307 0.9816093 
AT5G17270.1|A._thaliana_Araport11__TPR_repeat_8|TPR_repeat_11_                                             0.8510199 0.8553942 0.1149284 0.8687399 0.8956012 0.7507600 1.1512988 0.0841703 0.8646759 1.2209039 1.3363703 1.3544870 1.3483450 1.2644143 0.7159618 0.7347214 0.7371526 1.2996923 1.3532156 2.0434588 1.3151581 1.1734406 1.4587364 1.0009688 0.1316469 0.0684961 0.8859149 0.9816127 1.1626844 0.1528005 0.1407766 0.0000000 0.1986946 1.1273602 1.2786880 0.7913775 1.4652845 0.9881082 0.0942007 0.8724322 1.3279231 1.0622745 1.3045443 1.2736492 1.0847624 1.2292384 0.8726857 0.8521126 1.2619949 0.8543703 0.7463909 0.7213033 0.8306394 0.8229509 0.8575523 0.9083610 1.1614426 1.0300252 0.6732289 1.2904033 0.8192716 0.8740177 0.8388825 0.1335425 1.1447027 0.8890071 1.0642995 1.2585397 1.3029802 0.7400849 0.8147726 0.8032622 0.8032622 0.9972269 
AT5G37130.1|A._thaliana_Araport11__TPR_repeat_11_                                                          0.9045981 0.9775892 0.2235753 0.9485999 0.9722473 0.8436404 1.2345114 0.1861005 0.9613111 1.3420226 1.4835472 1.4982308 1.4834430 1.4477215 0.8329766 0.8135273 0.7830800 1.4524366 1.4934591 2.1841789 1.4921997 1.2925824 1.6568338 1.1394432 0.1323908 0.1795022 0.9867420 1.1293738 1.2059440 0.2669361 0.2526166 0.1986946 0.0000000 1.2781714 1.4199151 0.8940912 1.5891548 1.1487420 0.2186797 0.9611925 1.4678958 1.1906644 1.4521235 1.4233688 1.2381316 1.3527300 1.0034804 0.9310913 1.4315666 0.9508907 0.8259389 0.8028428 0.8967980 0.8771466 0.9484658 1.0073813 1.2453439 1.1754582 0.7590727 1.4613887 0.8901836 0.9655588 0.9519920 0.2392757 1.2624480 1.0017087 1.1297460 1.4323294 1.4175618 0.8141894 0.9126882 0.8806359 0.8806359 1.1712052 
Oeu006040.1|O._europaea__Uncharacterized_conserved_protein_contains_TPR_repeats_                           1.0101803 0.9574235 1.1245241 1.0845507 1.0681098 0.9666229 0.5022533 1.1316801 0.9786159 1.3121770 1.4952024 1.5025425 1.4902063 1.4754962 0.7665493 0.8461118 0.9893896 1.4512051 1.4321854 2.2917476 1.3644887 1.2279984 1.6392593 1.0980484 1.2490489 1.1182967 1.0136626 1.1795752 0.9777430 1.1125585 1.1155311 1.1273602 1.2781714 0.0000000 1.4489570 0.8842954 1.6058589 0.9518180 1.1479224 1.0080031 1.4998535 1.0301856 1.4526814 1.4302274 1.2035490 1.3481566 0.9848103 1.0407139 1.4312005 0.9653298 1.0038764 0.9864867 0.9685392 0.9563393 1.0076395 1.0786752 1.2919206 0.9917967 0.9633855 1.3231597 0.9491447 1.0489628 0.9745754 1.1283180 1.1397336 1.0668020 1.1808762 1.4046872 1.3772521 0.9522470 0.9246263 0.9392061 0.9392061 0.6452801 
Sobic.002G126800.1|S._bicolor.1__Uncharacterized_conserved_protein_contains_TPR_repeats_                   1.3834522 1.2985456 1.2968525 1.4407892 1.4075774 1.2682216 1.3661611 1.2956762 1.3047290 1.3509979 0.3247051 0.3232423 0.3072700 0.3806616 1.0160980 1.1144045 1.3493743 0.1335346 0.2965838 2.1305293 0.9166215 1.3590303 0.3598419 1.4274459 1.5084339 1.3244518 1.3138289 0.1967953 1.4877614 1.2679699 1.2957693 1.2786880 1.4199151 1.4489570 0.0000000 1.2728227 0.3594757 1.3818938 1.2794276 1.3402776 0.0895022 1.4398410 0.0375267 0.0325224 1.0390176 1.1098057 1.2353883 1.3075186 0.1368559 1.3027893 1.2622218 1.2456294 1.2864105 1.2591530 1.3075791 1.3720811 1.6189954 1.3446139 1.2858233 1.3537765 1.2564052 1.3086654 1.3879909 1.3112422 1.5161267 1.3911089 1.5289959 0.1482534 1.2709075 1.2592464 1.1318272 1.2849610 1.2849610 1.3769740 
VIT_207s0130g00120.1|V._vinifera__TPR_repeat_11_                                                           0.6792674 0.6977424 0.8107115 0.8912728 0.8731515 0.6536754 0.8422965 0.7890974 0.6999621 1.0502267 1.3159070 1.3216444 1.3073442 1.2537727 0.4639376 0.5097402 0.6638031 1.2626446 1.2960036 2.1295389 1.1011097 0.9132004 1.4336402 0.8721701 0.9312088 0.7769020 0.6956672 0.9513720 0.8317912 0.8281330 0.7874775 0.7913775 0.8940912 0.8842954 1.2728227 0.0000000 1.4011992 0.8584748 0.8047392 0.6693835 1.3305901 0.9159733 1.2922518 1.2592977 0.9128954 1.0101192 0.6205277 0.6627641 1.2647861 0.6846563 0.7081321 0.6885732 0.6467568 0.6426300 0.7004143 0.7207717 0.8859076 0.7685868 0.5910978 1.0385987 0.6543565 0.7274140 0.6160139 0.8156197 0.8880733 0.6935731 0.8501334 1.2497841 1.0954734 0.6178395 0.5832402 0.5754073 0.5754073 0.7624160 
HORVU4Hr1G052640.5|H._vulgare_r1__Uncharacterized_conserved_protein_contains_TPR_repeats_                  1.4866948 1.4069236 1.4721306 1.6015474 1.5477959 1.4067284 1.4954042 1.4793239 1.4066254 1.5133521 0.1205856 0.1260299 0.1125016 0.3296946 1.0448947 1.2095944 1.3412298 0.3393124 0.2694211 2.2417861 1.0685563 1.5576773 0.4201560 1.5273585 1.5971463 1.4838224 1.4477440 0.2436051 1.4509517 1.4584513 1.4807968 1.4652845 1.5891548 1.6058589 0.3594757 1.4011992 0.0000000 1.4684953 1.4735523 1.4497780 0.3478989 1.5369485 0.3531545 0.3365967 1.1526142 1.1921921 1.3329785 1.3979148 0.3461358 1.3888291 1.3593580 1.3457960 1.4015729 1.3824487 1.3777268 1.5056111 1.7587888 1.5447279 1.4385079 1.4974819 1.3248795 1.4192051 1.4494963 1.4776673 1.7096339 1.5206680 1.5543103 0.3445609 1.4694842 1.3850464 1.2213173 1.3975110 1.3975110 1.4697159 
Lsat_1_v5_gn_3_54960.1|L._sativa__Uncharacterized_conserved_protein_contains_TPR_repeats_                  1.0017420 0.9264841 1.0407483 1.1217587 1.1067393 1.0284860 0.9558322 0.9914467 0.9079956 1.2304022 1.3992277 1.3815846 1.3772018 1.3248377 0.7075766 0.8675164 1.0681792 1.3696261 1.4151538 1.7833491 1.3042539 1.0801145 1.4939776 0.9702178 1.1117239 1.0018218 0.9921284 1.0760171 1.0397224 1.0322978 1.0202385 0.9881082 1.1487420 0.9518180 1.3818938 0.8584748 1.4684953 0.0000000 1.0069143 0.9483405 1.4157071 0.4228576 1.4027732 1.3927943 1.0362071 1.2182863 0.9779646 0.9395476 1.3865002 1.0332636 1.0069850 0.9871145 0.8798941 0.8672593 1.0251538 1.0094597 1.2596242 1.0704875 0.9082653 1.2783734 0.9231215 0.9690922 0.9447794 1.0477595 1.1320764 1.0002165 1.0844234 1.3550938 1.2079710 0.9538326 0.9846928 0.9185415 0.9185415 0.8543032 
Carub.0006s1546.1|C._rubella__TPR_repeat_8|TPR_repeat_11_                                                  0.8671578 0.8833956 0.1153590 0.8388606 0.8592964 0.7524745 1.1554281 0.0767642 0.8879001 1.2719089 1.3446021 1.3572711 1.3557877 1.2755030 0.7351653 0.7347064 0.6960163 1.3175700 1.3482454 2.0156243 1.3439322 1.1712718 1.4780489 1.0146280 0.1535956 0.0854446 0.9017502 1.0097449 1.1849659 0.1610128 0.1409500 0.0942007 0.2186797 1.1479224 1.2794276 0.8047392 1.4735523 1.0069143 0.0000000 0.8935327 1.3673928 1.0435387 1.3199378 1.2887846 1.1085820 1.2113571 0.8816109 0.8839904 1.2819730 0.8602001 0.7398099 0.7146606 0.8552456 0.8470572 0.8784581 0.9315554 1.1589378 1.0301349 0.6746421 1.3244474 0.8442400 0.8926870 0.8679941 0.1393596 1.1331805 0.9086878 1.0795327 1.2761105 1.2724662 0.7204315 0.8089097 0.8090325 0.8090325 1.0573498 
Ca_04261|C._arietinum__TPR_repeat_11_                                                                      0.7919567 0.7367055 0.8980124 0.9549497 0.9308253 0.7950098 0.9915313 0.8826486 0.1586828 1.1674666 1.3545663 1.3728879 1.3370728 1.2725203 0.5475310 0.6281085 0.7279328 1.3523542 1.3254316 2.0428148 1.1646568 1.0186902 1.5433156 0.9332177 0.9793252 0.8792889 0.1324407 1.0901435 0.9236456 0.8827124 0.8812900 0.8724322 0.9611925 1.0080031 1.3402776 0.6693835 1.4497780 0.9483405 0.8935327 0.0000000 1.3855897 0.9776034 1.3819408 1.3399929 0.9867067 1.1238875 0.6918879 0.2767985 1.3555780 0.7647951 0.7996787 0.7862349 0.3276000 0.3325827 0.7677476 0.3367889 0.5136547 0.8814147 0.7101134 1.0975338 0.3326599 0.2554683 0.6973826 0.9230456 0.9767747 0.3451406 0.4385708 1.3417982 1.1713548 0.7164763 0.6829396 0.6554742 0.6554742 0.9364920 
Zm00001d005403_T001|Z._mays__Uncharacterized_conserved_protein_contains_TPR_repeats_                       1.4285740 1.3253972 1.3420487 1.4905758 1.4616390 1.2953362 1.3950960 1.3652007 1.3304267 1.4016718 0.3137635 0.3097454 0.3038851 0.3676236 1.0361291 1.1720491 1.3476413 0.1410800 0.2952198 2.2251819 0.9279182 1.3757364 0.3434365 1.4283079 1.5384486 1.3784455 1.3538014 0.1862608 1.5220835 1.3288669 1.3463909 1.3279231 1.4678958 1.4998535 0.0895022 1.3305901 0.3478989 1.4157071 1.3673928 1.3855897 0.0000000 1.4795511 0.0860717 0.0755423 1.0374164 1.1421347 1.2740121 1.3647130 0.1397477 1.3503517 1.2904740 1.2709880 1.3662235 1.3366663 1.3547980 1.4314113 1.6863316 1.4234399 1.3586435 1.3816221 1.2875753 1.3701629 1.4482382 1.3590568 1.5878709 1.4495974 1.5978723 0.1450569 1.3116443 1.2776669 1.1940668 1.3332757 1.3332757 1.4135750 
HanXRQChr15g0484541|H._annuus_r1.2__TPR_repeat_11_                                                         1.0954918 1.0159386 1.0799983 1.2104580 1.1792671 1.0670064 1.0416790 1.0525604 0.9295017 1.3179059 1.4961024 1.4502808 1.4718197 1.4169320 0.7722163 0.9483898 1.0396310 1.4074763 1.5698250 1.9068076 1.4018560 1.0690840 1.6131706 1.0425497 1.1841861 1.0426809 1.0121547 1.1203892 1.0217342 1.0900866 1.0568661 1.0622745 1.1906644 1.0301856 1.4398410 0.9159733 1.5369485 0.4228576 1.0435387 0.9776034 1.4795511 0.0000000 1.4582891 1.4426764 1.1343348 1.2284232 1.0178697 0.9523736 1.4568063 1.0586267 1.0477181 1.0261965 0.8719471 0.8558179 1.0311602 1.0243237 1.2816303 1.0876830 0.9440348 1.3550354 0.9554918 0.9807786 1.0425967 1.0658157 1.1815876 1.0171895 1.1525535 1.4337702 1.3730138 0.9946438 1.0003769 1.0104170 1.0104170 0.9555398 
Misin03G108500.1|M._sinensis__Uncharacterized_conserved_protein_contains_TPR_repeats_                      1.4117439 1.2991617 1.3147793 1.4642439 1.4432250 1.2954867 1.3861448 1.3305139 1.3233046 1.3753256 0.3210229 0.3204825 0.3094948 0.3806672 1.0213034 1.1373419 1.3586979 0.1266096 0.2964962 2.1444029 0.9321587 1.3864408 0.3485999 1.4351727 1.5239575 1.3510405 1.3365929 0.1962100 1.5073606 1.2894520 1.3137741 1.3045443 1.4521235 1.4526814 0.0375267 1.2922518 0.3531545 1.4027732 1.3199378 1.3819408 0.0860717 1.4582891 0.0000000 0.0328139 1.0582271 1.1318966 1.2505713 1.3332010 0.1295174 1.3211097 1.2935680 1.2743747 1.3411229 1.3129734 1.3180274 1.4082244 1.6662736 1.3793401 1.3138941 1.3721142 1.2891790 1.3499703 1.3980671 1.3271387 1.5522086 1.4184183 1.5674441 0.1359007 1.2853370 1.2732042 1.1534915 1.2903653 1.2903653 1.3919285 
Misin04G120600.1|M._sinensis__Uncharacterized_conserved_protein_contains_TPR_repeats_                      1.3894557 1.2999081 1.2837697 1.4263672 1.4156638 1.2647909 1.3474482 1.2988821 1.3014292 1.3454963 0.3008064 0.3036145 0.2851774 0.3666795 0.9995735 1.1086765 1.3488312 0.1134236 0.2826686 2.1271479 0.9093646 1.3346619 0.3411301 1.4297339 1.5013392 1.3166523 1.3222397 0.1843091 1.4791375 1.2593148 1.2851201 1.2736492 1.4233688 1.4302274 0.0325224 1.2592977 0.3365967 1.3927943 1.2887846 1.3399929 0.0755423 1.4426764 0.0328139 0.0000000 1.0282811 1.1073051 1.2258040 1.3169955 0.1135125 1.3165803 1.2762614 1.2539309 1.3019394 1.2742496 1.3207838 1.3682809 1.6263628 1.3721214 1.3007460 1.3631327 1.2632022 1.3254148 1.3902516 1.2922906 1.5355553 1.3858264 1.5353693 0.1266289 1.2801603 1.2511426 1.1229945 1.2771996 1.2771996 1.3662816 
evm.model.AsparagusV1_09.1487|A._officinalis_V1.1__Uncharacterized_conserved_protein_contains_TPR_repeats_ 1.0275111 0.9442034 1.1451146 1.0560468 1.0161599 0.9859266 1.1288804 1.1129112 0.9794447 1.0895148 1.0912372 1.0873029 1.0450973 1.0882940 0.8404140 0.8541508 0.8843328 1.0031819 1.0604725 2.0571281 0.8748251 0.9738507 1.1979821 1.0978611 1.3148780 1.1051574 0.9956790 0.8405892 1.0820943 1.1192805 1.1304591 1.0847624 1.2381316 1.2035490 1.0390176 0.9128954 1.1526142 1.0362071 1.1085820 0.9867067 1.0374164 1.1343348 1.0582271 1.0282811 0.0000000 0.7713994 0.9557949 0.9743278 1.0123298 1.0519481 1.0693940 1.0419003 0.9538460 0.9455951 1.0288623 1.0089825 1.2162126 1.0886947 0.9555416 1.1316517 0.9017019 0.9841795 1.0550314 1.1410787 1.1673607 1.0018664 1.1621060 1.0004636 0.9872361 0.9096955 0.9583383 0.9912637 0.9912637 1.0931293 
Dioal.0082s0003.1|D._alata__Uncharacterized_conserved_protein_contains_TPR_repeats_                        1.1601428 1.1223936 1.2343955 1.2566357 1.2769910 1.1203614 1.2781863 1.2227395 1.1608099 1.1153928 1.1187517 1.1248471 1.1092359 1.1786961 0.8508829 1.0341576 1.1539226 1.0774825 1.0959703 2.1871830 0.8893452 1.1169713 1.1825864 1.2319532 1.3790762 1.2386777 1.1482059 0.9511283 1.2949067 1.2529858 1.2382375 1.2292384 1.3527300 1.3481566 1.1098057 1.0101192 1.1921921 1.2182863 1.2113571 1.1238875 1.1421347 1.2284232 1.1318966 1.1073051 0.7713994 0.0000000 1.0879204 1.1042509 1.1120330 1.1558038 1.1454001 1.1291723 1.1246145 1.0997899 1.1410397 1.1936343 1.5136610 1.2459129 1.0341687 1.1852724 1.1013417 1.1317988 1.1709997 1.2252014 1.2955535 1.2110724 1.3803511 1.1029534 1.0955618 1.1284658 1.0680385 1.0826997 1.0826997 1.2065847 
Cocit.F0485.1|C._citriodora__TPR_repeat_11_                                                                0.7455317 0.6867708 0.8596913 0.9023295 0.8943550 0.7389112 0.9830077 0.8820583 0.6465692 1.0957791 1.2643805 1.2640441 1.2582450 1.1893502 0.0644920 0.5744480 0.7239288 1.1957011 1.2575902 2.0556716 1.1195256 0.9860407 1.3605826 0.9725023 0.9787517 0.8753113 0.7103671 1.0009900 0.9668448 0.8893307 0.8884733 0.8726857 1.0034804 0.9848103 1.2353883 0.6205277 1.3329785 0.9779646 0.8816109 0.6918879 1.2740121 1.0178697 1.2505713 1.2258040 0.9557949 1.0879204 0.0000000 0.6608295 1.2262532 0.7639181 0.7353218 0.7281884 0.6208600 0.6160162 0.7635772 0.7198570 0.9058912 0.8577169 0.6669244 1.1414574 0.6537725 0.6486200 0.6692472 0.9046849 0.9174226 0.6910609 0.8525390 1.1900378 1.1103314 0.6933706 0.6453150 0.5992697 0.5992697 0.9153915 
